%% scaling
% boundary scales by s
% F1 scales by s^4 -> Lwp^3 scales by s^3
% F2 scales by s^3 -> Lsp^2 scales by s^2
% G1 scales by s^3 -> Lhq^2 scales by s^2
% G2 scales by s^2 -> Lsq scales by s^1

%% blade riblets: % K-H
boundary = 0.387330656949723; l_u = 0.112669343050277;
shape = 'blade1_s'
% at virtual origin
G1 = 0.010433974752575 % 0.025209123676136
G2 = 0.065416399751606 % 0.159263409408094
F1 = 0.006734798208169
F2 = 0.025054904673650

shape = 'blade_s';
% at the tips
G1 = 0.019752814511667 % 0.031238995510608
G2 = 0.107856930974292 % 0.168202991616503
F1 = 0.010978986273215 
F2 = 0.031028741771087

%% triangle3: % K-H
boundary = 1.671856886049669; l_u = 0.194168517734770;
shape = 'triangle31_s';
% at virtual origin
G1 = 0.015084097564436;
G2 = 0.073863060257559;
F1 = 0.021776957988009;
F2 = 0.038907733446641;

shape = 'triangle3_s';
% at the tips
G1 = 0.002651745336768;
G2 = 0.016000522370864;
F1 = 0.033784639177106;
F2 = 0.054086959425172;

%% triangle6: % no K-H
boundary = 0.700496601689868; l_u = 0.165528802094570;
shape = 'triangle61_s';
% at virtual origin
G1 = 0.008102806094307;
G2 = 0.059883748452583;
F1 = 0.004991598072995;
F2 = 0.018443396070131;

shape = 'triangle6_s';
% at the tips
G1 = 0.026732343644510;
G2 = 0.161258172154797;
F1 = 0.011660154285430;
F2 = 0.034851242843017;

%% triangle9: % no K-H
boundary = 0.360610010920238; l_u = 0.139389989079762;
shape = 'triangle91_s';
% at virtual origin
G1 = 0.003949022521047 % 0.004164840339804
G2 = 0.045351035339632 % 0.057031091868954
F1 = 0.001183806250869
F2 = 0.007757241558730

shape = 'triangle9_s';
% at the tips
G1 = 0.015456118978049 % 0.020885808486684
G2 = 0.130104574452675 % 0.167080200618741
F1 = 0.004375166437791
F2 = 0.020677338242424

%% trapezium % no K-H
boundary = 0.319099865953775; l_u = 0.180900134046225;
shape = 'trapezium1_s';
% at virtual origin
G1 = 0.009516234685273
G2 = 0.072744932298483
F1 = 0.004823931048779
F2 = 0.022935819820992

shape = 'trapezium_s';
% at the tips
G1 = 0.030098587602948
G2 = 0.167051361210528
F1 = 0.013964388343612
F2 = 0.043022781912912

%% semi-circle
boundary = 0.297759511160163; l_u = 0.202240488839837;
shape = 'circle1_s';
% at virtual origin
G1 = 0.008056486729527 % 0.016764297863788 
G2 = 0.072447438454782 % 0.150404461915805
F1 = 0.002829009694317
F2 = 0.016652818813973

shape = 'circle_s';
% at the tips
G1 = 0.033109453729754 % 0.041857060995110
G2 = 0.192176597429408 % 0.234528106122330
F1 = 0.012273817101988 % analytical = 0.012271846303085
F2 = 0.041563532761828 % analytical = 0.041666666666667
