%% scaling
% boundary scales by s
% F1 scales by s^4 -> Lwp^3 scales by s^3
% F2 scales by s^3 -> Lsp^2 scales by s^2
% G1 scales by s^3 -> Lhq^2 scales by s^2
% G2 scales by s^2 -> Lsq scales by s^1

%% blade riblets: % K-H
boundary = 0.387330656949723

% at virtual origin
G1 = 0.010433974752575 % 0.025209123676136
G2 = 0.065416399751606 % 0.159263409408094
F1 = 0.006734798208169
F2 = 0.025054904673650

% at the tips
G1 = 0.019752814511667 % 0.031238995510608
G2 = 0.107856930974292 % 0.168202991616503
F1 = 0.010978986273215 
F2 = 0.031028741771087

%% triangle9: % no K-H
boundary = 0.360610010920238;

% at virtual origin
G1 = 0.003949022521047 % 0.004164840339804
G2 = 0.045351035339632 % 0.057031091868954
F1 = 0.001183806250869
F2 = 0.007757241558730

% at the tips
G1 = 0.015456118978049 % 0.020885808486684
G2 = 0.130104574452675 % 0.167080200618741
F1 = 0.004375166437791
F2 = 0.020677338242424

%% trapezium % no K-H
boundary = 0.320097318688224

% at virtual origin
G1 = 0.011430021899912 % 0.026837940643726
G2 = 0.082166977644881 % 0.191748993562948
F1 = 0.005732230268327
F2 = 0.026684615683920

% at the tips
G1 = 0.033762913010678 % 0.047321087270950
G2 = 0.176517861778899 % 0.242511595545689
F1 = 0.015827726208209
F2 = 0.047018042787022

%% semi-circle
boundary = 0.297759511160163

% at virtual origin
G1 = 0.008056486729527 % 0.016764297863788 
G2 = 0.072447438454782 % 0.150404461915805
F1 = 0.002829009694317
F2 = 0.016652818813973

% at the tips
G1 = 0.033109453729754 % 0.041857060995110
G2 = 0.192176597429408 % 0.234528106122330
F1 = 0.012273817101988 % analytical = 0.012271846303085
F2 = 0.041563532761828 % analytical = 0.041666666666667
